{
  "advancedEditorSelectedIdentifier" : "ProjectBrowser",
  "openSceneRelativePaths" : [
    "Scene.usda",
    "Untitled Scene.usda",
    "Earth.usda"
  ],
  "recentIdentifiers" : {
    "26DBAE76-5DD8-47B6-A085-1B4ADA111097" : [

    ]
  },
  "sceneCameraHistory" : {
    "5BDF75FE-5B6A-4BD1-A47D-AB3A1E9FF441" : [
      {
        "date" : 750787558.270335,
        "title" : "Untitled",
        "transform" : [
          0.99999994,
          0,
          -0,
          0,
          -0,
          0.8660254,
          -0.49999994,
          0,
          0,
          0.49999994,
          0.8660254,
          0,
          0,
          0.21937805,
          0.37997398,
          1
        ]
      }
    ],
    "26DBAE76-5DD8-47B6-A085-1B4ADA111097" : [
      {
        "date" : 750787071.07602,
        "title" : "Untitled",
        "transform" : [
          -0.78933334,
          -6.8297654e-06,
          0.6139648,
          0,
          0.04332399,
          0.9975065,
          0.055709712,
          0,
          -0.6124346,
          0.07057298,
          -0.7873647,
          0,
          -0.09892458,
          0.10352496,
          -0.6354871,
          1
        ]
      },
      {
        "date" : 750787033.511074,
        "title" : "Untitled",
        "transform" : [
          -0.91482085,
          -6.8055547e-06,
          -0.40385994,
          0,
          -0.2384627,
          0.80707675,
          0.5401505,
          0,
          0.32594234,
          0.59044653,
          -0.73833233,
          0,
          0.15438598,
          0.27935928,
          -0.6685409,
          1
        ]
      },
      {
        "date" : 750787031.077245,
        "title" : "Untitled",
        "transform" : [
          -0.7965739,
          0.006352588,
          -0.60450774,
          0,
          -0.35389346,
          0.80580574,
          0.4748016,
          0,
          0.49013206,
          0.5921459,
          -0.63963574,
          0,
          0.15438598,
          0.27935928,
          -0.6685409,
          1
        ]
      },
      {
        "date" : 750787024.860447,
        "title" : "Untitled",
        "transform" : [
          -0.90579975,
          1.0299261e-06,
          -0.423706,
          0,
          -0.26236445,
          0.78522134,
          0.5608853,
          0,
          0.33270356,
          0.6192152,
          -0.71125305,
          0,
          0.15438598,
          0.27935928,
          -0.6685409,
          1
        ]
      },
      {
        "date" : 750787019.726398,
        "title" : "Untitled",
        "transform" : [
          -0.9981613,
          -7.2284014e-09,
          -0.06061401,
          0,
          -0.057335168,
          0.32443875,
          0.9441675,
          0,
          0.019665493,
          0.9459067,
          -0.3238423,
          0,
          0.14761715,
          0.2996174,
          -0.65407044,
          1
        ]
      },
      {
        "date" : 750787017.54399,
        "title" : "Untitled",
        "transform" : [
          -0.9981613,
          -7.2284014e-09,
          -0.06061401,
          0,
          -0.057335168,
          0.32443875,
          0.9441675,
          0,
          0.019665493,
          0.9459067,
          -0.3238423,
          0,
          0.1513536,
          0.47933984,
          -0.71560085,
          1
        ]
      },
      {
        "date" : 750787016.426422,
        "title" : "Untitled",
        "transform" : [
          -0.9981613,
          -7.2284014e-09,
          -0.06061401,
          0,
          -0.057335168,
          0.32443875,
          0.9441675,
          0,
          0.019665493,
          0.9459067,
          -0.3238423,
          0,
          0.1513536,
          0.47933984,
          -0.71560085,
          1
        ]
      },
      {
        "date" : 750787006.928942,
        "title" : "Untitled",
        "transform" : [
          -0.9981612,
          -7.2284005e-09,
          -0.060614,
          0,
          -0.05733516,
          0.32443872,
          0.9441674,
          0,
          0.019665493,
          0.9459067,
          -0.3238423,
          0,
          0.39480823,
          0.48553574,
          -0.6827187,
          1
        ]
      },
      {
        "date" : 750786872.497791,
        "title" : "Untitled",
        "transform" : [
          0.4851804,
          -8.0878904e-10,
          -0.874414,
          0,
          -0.60712415,
          0.7196652,
          -0.33687097,
          0,
          0.6292855,
          0.69432104,
          0.3491675,
          0,
          0.26766452,
          0.29532722,
          0.14871724,
          1
        ]
      },
      {
        "date" : 750786868.55187,
        "title" : "Untitled",
        "transform" : [
          0.99999994,
          0,
          -0,
          0,
          -0,
          0.8660254,
          -0.49999988,
          0,
          0,
          0.49999988,
          0.8660254,
          0,
          0,
          0.21267332,
          0.36856106,
          1
        ]
      }
    ],
    "F0B65949-1F1B-48D1-B16A-DBE70C94A824" : [
      {
        "date" : 750788065.464823,
        "title" : "Untitled",
        "transform" : [
          -0.64141077,
          -8.299894e-11,
          -0.76719767,
          0,
          -0.47390866,
          0.78640294,
          0.3962084,
          0,
          0.60332644,
          0.6177139,
          -0.50440735,
          0,
          0.22494842,
          0.2834582,
          -0.12282701,
          1
        ]
      },
      {
        "date" : 750787638.939395,
        "title" : "Untitled",
        "transform" : [
          0.99999994,
          0,
          -0,
          0,
          -0,
          0.8660254,
          -0.49999994,
          0,
          0,
          0.49999994,
          0.8660254,
          0,
          0,
          0.23786874,
          0.4120008,
          1
        ]
      }
    ]
  },
  "selectedSceneRelativePath" : "Earth.usda"
}